  -1.760790     -3.015063      0.000000      0.000000     -1.109722     100000
  0.4820534E-01 -0.4853832      0.000000      0.000000    -0.3429291     010000
   0.000000      0.000000     -7.119110     -3.215695      0.000000     001000
   0.000000      0.000000     0.1696001    -0.6385877E-01  0.000000     000100
   0.000000      0.000000      0.000000      0.000000      1.000000     000010
  0.6573205     0.4953123      0.000000      0.000000     0.4493134     000001
   23.00998      16.05775      0.000000      0.000000     -3.706701     200000
   8.677804      1.294114      0.000000      0.000000     -3.997325     110000
 -0.3720557E-01 -1.277494      0.000000      0.000000    -0.8046667     020000
   0.000000      0.000000     -42.41199     -23.76867      0.000000     101000
   0.000000      0.000000     -16.75757     -11.21041      0.000000     011000
   23.61186      31.10954      0.000000      0.000000     -10.20688     002000
   0.000000      0.000000      1.257153      1.514539      0.000000     100100
   0.000000      0.000000     0.5993079     0.6880911      0.000000     010100
  -5.556902     -5.687709      0.000000      0.000000     0.7020832E-01 001100
   1.244176     -1.123392      0.000000      0.000000      1.414962     100001
 -0.3205669E-01 -0.3671089      0.000000      0.000000     0.4385516     010001
   0.000000      0.000000     -1.089582     -5.818833      0.000000     001001
  0.1445622     0.1518017      0.000000      0.000000    -0.5487856E-01 000200
   0.000000      0.000000      1.003416     0.6016392      0.000000     000101
 -0.6513221    -0.3288032      0.000000      0.000000    -0.4013224     000002
  -227.6932     -174.8735      0.000000      0.000000      37.74090     300000
  -98.61883     -90.66050      0.000000      0.000000      11.45941     210000
  -14.95522     -28.65080      0.000000      0.000000     -7.625976     120000
 -0.4946312     -3.390390      0.000000      0.000000     -1.798621     030000
   0.000000      0.000000     -306.9209     -276.1387      0.000000     201000
   0.000000      0.000000     -303.6821     -250.4604      0.000000     111000
   0.000000      0.000000     -53.59080     -42.43644      0.000000     021000
   371.1523      462.0104      0.000000      0.000000     -44.65777     102000
   132.4016      155.5707      0.000000      0.000000     -26.34353     012000
   0.000000      0.000000      23.11232      166.4902      0.000000     003000
   0.000000      0.000000      8.092028      8.161202      0.000000     200100
   0.000000      0.000000      8.023241      8.631111      0.000000     110100
   0.000000      0.000000     0.5317664      1.055921      0.000000     020100
  -15.55725     -17.99182      0.000000      0.000000     -6.387883     101100
  -4.899560     -5.682518      0.000000      0.000000    -0.5073633     011100
   0.000000      0.000000     0.5968543     -1.414239      0.000000     002100
  -20.45187     -19.07711      0.000000      0.000000    -0.7212122     200001
  -14.41616     -14.92429      0.000000      0.000000      3.746068     110001
 -0.9124614     -1.190411      0.000000      0.000000      1.454243     020001
   0.000000      0.000000      2.115012     -32.55905      0.000000     101001
   0.000000      0.000000      10.07456     -3.328577      0.000000     011001
  -41.93357     -39.78463      0.000000      0.000000      1.004382     002001
 -0.3091227    -0.2781080      0.000000      0.000000     0.2618555     100200
 -0.2611677    -0.3785954      0.000000      0.000000    -0.5661550E-01 010200
   0.000000      0.000000    -0.6534381    -0.5232961      0.000000     001200
   0.000000      0.000000      4.693029      3.438127      0.000000     100101
   0.000000      0.000000      1.490612      1.210653      0.000000     010101
   1.818153     -2.338234      0.000000      0.000000      3.579804     001101
  -2.902506    -0.7250754      0.000000      0.000000     -1.971402     100002
 -0.3013650     0.2407198E-01  0.000000      0.000000    -0.5247319     010002
   0.000000      0.000000      5.073720      6.700038      0.000000     001002
   0.000000      0.000000    -0.7045083    -0.3141129      0.000000     000300
  0.4928595     0.5759865      0.000000      0.000000     0.4554146E-01 000201
   0.000000      0.000000    -0.7291531     0.1935795      0.000000     000102
  0.7569639     0.3091189      0.000000      0.000000     0.4534763     000003
   1525.845      995.7097      0.000000      0.000000     -443.1122     400000
   146.7184     -27.56541      0.000000      0.000000     -221.4325     310000
  -236.5379     -268.9437      0.000000      0.000000     -51.48495     220000
  -74.10690     -108.6642      0.000000      0.000000     -25.40631     130000
  -7.361762     -13.89162      0.000000      0.000000     -4.600979     040000
   0.000000      0.000000      169.3061     -28.80507      0.000000     301000
   0.000000      0.000000     -1374.373     -1394.655      0.000000     211000
   0.000000      0.000000     -1035.060     -909.0036      0.000000     121000
   0.000000      0.000000     -161.5419     -134.8051      0.000000     031000
   2359.360      2419.397      0.000000      0.000000     -379.4719     202000
   2133.544      2452.543      0.000000      0.000000     -485.6882     112000
   358.1926      434.5343      0.000000      0.000000     -94.73669     022000
   0.000000      0.000000     -90.14975      1066.004      0.000000     103000
   0.000000      0.000000     -298.6583      160.7492      0.000000     013000
   2148.503      2204.948      0.000000      0.000000     -291.0951     004000
   0.000000      0.000000     -50.42971     -61.74706      0.000000     300100
   0.000000      0.000000     -6.781077     -15.40683      0.000000     210100
   0.000000      0.000000      9.598262      10.90286      0.000000     120100
   0.000000      0.000000      1.250648      1.969955      0.000000     030100
  -106.9334     -49.88460      0.000000      0.000000      47.89572     201100
  -78.71275     -71.81919      0.000000      0.000000      17.44811     111100
  -8.934470     -8.402747      0.000000      0.000000     -1.722289     021100
   0.000000      0.000000     -29.21220     -5.166638      0.000000     102100
   0.000000      0.000000      7.666868      5.365790      0.000000     012100
  -252.4269     -230.3584      0.000000      0.000000      93.48446     003100
   89.35469      57.37173      0.000000      0.000000     -13.88646     300001
   16.27079     -14.00719      0.000000      0.000000     -9.760806     210001
  -11.46260     -20.20469      0.000000      0.000000      14.87036     120001
  -2.889853     -2.257996      0.000000      0.000000      4.036212     030001
   0.000000      0.000000      228.9656      61.55455      0.000000     201001
   0.000000      0.000000      300.9137      83.49755      0.000000     111001
   0.000000      0.000000      70.06189      23.46336      0.000000     021001
  -749.0767     -531.3177      0.000000      0.000000     -148.3796     102001
  -277.7764     -236.3419      0.000000      0.000000     -18.29993     012001
   0.000000      0.000000     -382.5820     -430.4347      0.000000     003001
   4.039751      1.700240      0.000000      0.000000     -2.021501     200200
   5.740338      3.551185      0.000000      0.000000     -1.343883     110200
  0.3515537    -0.4610567      0.000000      0.000000    -0.4780995     020200
   0.000000      0.000000      1.206389     0.1643910      0.000000     101200
   0.000000      0.000000     -4.161463     -2.597273      0.000000     011200
   7.731669      7.842816      0.000000      0.000000     -11.16526     002200
   0.000000      0.000000      25.29090      27.63704      0.000000     200101
   0.000000      0.000000      24.31869      23.90830      0.000000     110101
   0.000000      0.000000      5.143758      3.612807      0.000000     020101
  -34.93829     -82.90338      0.000000      0.000000      33.24096     101101
  -16.87997     -26.55973      0.000000      0.000000      10.61292     011101
   0.000000      0.000000      3.806561     -47.56182      0.000000     002101
   22.36557      12.79483      0.000000      0.000000      5.467053     200002
   17.79781      13.10091      0.000000      0.000000     -1.730629     110002
   1.139618      1.523227      0.000000      0.000000     -2.023271     020002
   0.000000      0.000000      36.21827      53.86356      0.000000     101002
   0.000000      0.000000     0.5440842      13.40188      0.000000     011002
   70.33030      39.80622      0.000000      0.000000      16.19712     002002
   0.000000      0.000000     -4.258146     -2.422192      0.000000     100300
   0.000000      0.000000     -1.553686    -0.9799122      0.000000     010300
   4.480486      5.964693      0.000000      0.000000     -1.637569     001300
   1.270026      1.986541      0.000000      0.000000     0.2442603     100201
  0.8922073     0.9944986      0.000000      0.000000     0.2386377     010201
   0.000000      0.000000     0.4791732     0.4518618      0.000000     001201
   0.000000      0.000000     -4.475334     0.7564760      0.000000     100102
   0.000000      0.000000     -2.269890    -0.6733282      0.000000     010102
   2.640760      9.386903      0.000000      0.000000     -5.186010     001102
   5.444354      1.570333      0.000000      0.000000      3.057559     100003
  0.7998063     0.2424256      0.000000      0.000000     0.6651765     010003
   0.000000      0.000000     -8.314674     -7.222514      0.000000     001003
 -0.5540550    -0.5674172      0.000000      0.000000    -0.3590159E-01 000400
   0.000000      0.000000      1.028164    -0.4189999E-01  0.000000     000301
 -0.7576850    -0.5171217      0.000000      0.000000    -0.3095010     000202
   0.000000      0.000000     0.1919631    -0.8078146      0.000000     000103
 -0.9651565    -0.3193081      0.000000      0.000000    -0.5860649     000004
  -12746.25     -6609.603      0.000000      0.000000      4036.948     500000
  -3602.385     -447.3416      0.000000      0.000000      1452.459     410000
  -1465.809     -655.5914      0.000000      0.000000     -174.7438     320000
  -940.2795     -887.9547      0.000000      0.000000     -224.7719     230000
  -239.0298     -324.3135      0.000000      0.000000     -99.40419     140000
  -20.39369     -37.37186      0.000000      0.000000     -13.96692     050000
   0.000000      0.000000     -6179.692     -2479.786      0.000000     401000
   0.000000      0.000000     -5271.998     -2674.452      0.000000     311000
   0.000000      0.000000     -6718.028     -5739.718      0.000000     221000
   0.000000      0.000000     -3427.189     -2955.218      0.000000     131000
   0.000000      0.000000     -469.1176     -393.5215      0.000000     041000
  -3359.195     -235.0902      0.000000      0.000000     -377.8018     302000
   9050.761      12012.54      0.000000      0.000000     -3738.615     212000
   7396.058      8717.258      0.000000      0.000000     -2552.527     122000
   1179.747      1385.287      0.000000      0.000000     -376.1169     032000
   0.000000      0.000000     -7939.742     -1073.737      0.000000     203000
   0.000000      0.000000     -9648.974     -609.3764      0.000000     113000
   0.000000      0.000000     -1853.704      50.81467      0.000000     023000
   28501.32      30025.14      0.000000      0.000000     -3250.433     104000
   10459.18      10098.30      0.000000      0.000000     -1863.584     014000
   0.000000      0.000000      2551.923      6714.457      0.000000     005000
   0.000000      0.000000      441.4638      516.5382      0.000000     400100
   0.000000      0.000000      151.9710      163.0665      0.000000     310100
   0.000000      0.000000      19.46795    -0.6484133      0.000000     220100
   0.000000      0.000000      10.61944      10.26815      0.000000     130100
   0.000000      0.000000      1.093445      2.364937      0.000000     040100
   882.9277      207.3059      0.000000      0.000000     -304.8353     301100
   207.2197     -46.51466      0.000000      0.000000      37.80152     211100
  -86.59813     -93.59486      0.000000      0.000000      45.40987     121100
  -7.223293     -5.422080      0.000000      0.000000      2.161280     031100
   0.000000      0.000000      191.0234      37.48271      0.000000     202100
   0.000000      0.000000      113.6728      30.94824      0.000000     112100
   0.000000      0.000000      26.31890      48.69589      0.000000     022100
  -399.0644     -1427.452      0.000000      0.000000      986.0897     103100
  -470.4517     -505.6773      0.000000      0.000000      399.2664     013100
   0.000000      0.000000      928.4366      145.8862      0.000000     004100
  -453.4949     -434.9563      0.000000      0.000000      318.2296     400001
   298.4125      82.31337      0.000000      0.000000      280.7324     310001
   300.8682      109.7328      0.000000      0.000000      80.80608     220001
   58.96210      26.62947      0.000000      0.000000      54.23687     130001
   5.906873      7.221911      0.000000      0.000000      12.76562     040001
   0.000000      0.000000      332.9313      35.65552      0.000000     301001
   0.000000      0.000000      2192.133      1123.373      0.000000     211001
   0.000000      0.000000      1716.456      882.6011      0.000000     121001
   0.000000      0.000000      321.5383      172.3859      0.000000     031001
  -5759.050     -3554.875      0.000000      0.000000     -961.4639     202001
  -5543.837     -4364.538      0.000000      0.000000     -329.2394     112001
  -1073.323     -932.2219      0.000000      0.000000      5.500220     022001
   0.000000      0.000000     -4946.880     -4266.811      0.000000     103001
   0.000000      0.000000     -1100.520     -1075.967      0.000000     013001
  -5199.062     -5162.013      0.000000      0.000000      448.3824     004001
  -35.86108     -6.490405      0.000000      0.000000      14.22472     300200
  -76.01188     -49.55942      0.000000      0.000000      12.30407     210200
  -19.86799     -18.63911      0.000000      0.000000     0.3997212     120200
  -1.968468     -3.802191      0.000000      0.000000     -1.160960     030200
   0.000000      0.000000    -0.3674060     -16.06328      0.000000     201200
   0.000000      0.000000     -55.25788     -61.31966      0.000000     111200
   0.000000      0.000000     -29.33490     -25.72911      0.000000     021200
  -136.5085      20.22666      0.000000      0.000000     -67.45121     102200
   29.14637      57.30094      0.000000      0.000000     -29.31481     012200
   0.000000      0.000000     -97.11141     -16.25413      0.000000     003200
   0.000000      0.000000      14.81423      20.33083      0.000000     300101
   0.000000      0.000000      141.1260      152.9729      0.000000     210101
   0.000000      0.000000      93.64393      84.78807      0.000000     120101
   0.000000      0.000000      14.87045      11.70218      0.000000     030101
  -355.6705     -444.2858      0.000000      0.000000      79.00948     201101
  -283.6372     -416.5655      0.000000      0.000000      133.9232     111101
  -48.76591     -82.93008      0.000000      0.000000      35.34063     021101
   0.000000      0.000000      227.5619     -288.2056      0.000000     102101
   0.000000      0.000000      166.3358     -43.40404      0.000000     012101
  -629.2380     -469.8969      0.000000      0.000000     -150.9241     003101
  -20.96548     -25.86319      0.000000      0.000000     -3.130891     300002
   64.42707      46.07966      0.000000      0.000000      12.48389     210002
   39.84472      43.16768      0.000000      0.000000     -21.46268     120002
   7.418732      6.929232      0.000000      0.000000     -6.588622     030002
   0.000000      0.000000     -110.4668      74.99351      0.000000     201002
   0.000000      0.000000     -200.0325      78.85057      0.000000     111002
   0.000000      0.000000     -59.07451      10.41078      0.000000     021002
   1388.325      549.7095      0.000000      0.000000      568.6234     102002
   501.7989      294.8558      0.000000      0.000000      152.1135     012002
   0.000000      0.000000      811.4791      737.7863      0.000000     003002
   0.000000      0.000000     -31.13092     -27.17342      0.000000     200300
   0.000000      0.000000     -29.13770     -23.28692      0.000000     110300
   0.000000      0.000000     -5.755975     -3.914701      0.000000     020300
   81.73269      92.90100      0.000000      0.000000     -8.402080     101300
   26.09952      29.34607      0.000000      0.000000     -5.595943     011300
   0.000000      0.000000      9.647705      50.80902      0.000000     002300
   10.53328      3.937258      0.000000      0.000000     -4.139527     200201
  -3.682853     -1.685735      0.000000      0.000000    -0.9081518     110201
 -0.5078942     0.4634963      0.000000      0.000000      1.336526     020201
   0.000000      0.000000      6.334548     0.7186654      0.000000     101201
   0.000000      0.000000      3.298585    -0.6894424      0.000000     011201
   95.84381      58.97750      0.000000      0.000000    -0.4639069     002201
   0.000000      0.000000     -40.37661     -29.11573      0.000000     200102
   0.000000      0.000000     -47.74085     -28.52219      0.000000     110102
   0.000000      0.000000     -10.92334     -4.593407      0.000000     020102
   122.0152      167.1308      0.000000      0.000000     -29.06170     101102
   57.18489      66.67005      0.000000      0.000000     -13.56439     011102
   0.000000      0.000000      122.5730      164.4896      0.000000     002102
  -25.98057     -9.104568      0.000000      0.000000     -11.61008     200003
  -21.56031     -10.75828      0.000000      0.000000     -2.610874     110003
 -0.6428468     -1.317040      0.000000      0.000000      2.494037     020003
   0.000000      0.000000     -80.93956     -71.80487      0.000000     101003
   0.000000      0.000000     -14.14784     -23.12141      0.000000     011003
  -117.7345     -37.78685      0.000000      0.000000     -40.17046     002003
  -1.676616     -1.814158      0.000000      0.000000    -0.6210595     100400
 -0.6773915    -0.8256861      0.000000      0.000000    -0.1039824     010400
   0.000000      0.000000     0.9739639E-01 -0.3080151      0.000000     001400
   0.000000      0.000000      6.417252     0.3193229      0.000000     100301
   0.000000      0.000000      3.813557      1.502698      0.000000     010301
  -17.84817     -18.68833      0.000000      0.000000      4.808514     001301
 -0.6808803      2.168266      0.000000      0.000000     -2.760189     100202
 -0.7639332     0.1097589      0.000000      0.000000     -1.260087     010202
   0.000000      0.000000     -3.154286      4.315907      0.000000     001202
   0.000000      0.000000     0.9068614     -5.742228      0.000000     100103
   0.000000      0.000000      1.852700    -0.6794982      0.000000     010103
  -8.934496     -14.67807      0.000000      0.000000      4.293817     001103
  -9.444678     -2.401620      0.000000      0.000000     -5.153169     100004
  -1.527742    -0.5354276      0.000000      0.000000    -0.9488187     010004
   0.000000      0.000000      12.02824      7.740135      0.000000     001004
   0.000000      0.000000    -0.5996664    -0.2933815      0.000000     000500
   1.057463     0.6514350      0.000000      0.000000     0.4074303     000401
   0.000000      0.000000    -0.7604045     0.8681098      0.000000     000302
  0.8733340     0.1194579      0.000000      0.000000     0.6799407     000203
   0.000000      0.000000     0.4785589      1.343921      0.000000     000104
   1.314608     0.3475347      0.000000      0.000000     0.8177581     000005
   110056.6      46314.56      0.000000      0.000000     -38632.84     600000
   35113.23      3758.504      0.000000      0.000000     -17705.23     510000
   4719.756      1928.412      0.000000      0.000000     -4805.826     420000
  -5642.978     -2867.369      0.000000      0.000000     -2289.749     330000
  -4271.717     -3389.454      0.000000      0.000000     -1002.498     240000
  -1007.338     -1106.692      0.000000      0.000000     -324.4513     150000
  -80.88021     -117.7510      0.000000      0.000000     -40.86409     060000
   0.000000      0.000000      54016.71      26111.31      0.000000     501000
   0.000000      0.000000      13187.51      11430.60      0.000000     411000
   0.000000      0.000000     -18474.29     -6614.414      0.000000     321000
   0.000000      0.000000     -26531.24     -19931.53      0.000000     231000
   0.000000      0.000000     -11419.06     -9345.151      0.000000     141000
   0.000000      0.000000     -1425.401     -1172.131      0.000000     051000
   63578.80      44517.14      0.000000      0.000000     -31640.67     402000
   17828.90      32451.02      0.000000      0.000000     -34658.47     312000
   32323.86      51829.29      0.000000      0.000000     -26798.36     222000
   20878.72      27613.14      0.000000      0.000000     -10620.59     132000
   3051.353      3803.337      0.000000      0.000000     -1332.112     042000
   0.000000      0.000000     -13136.64      12802.48      0.000000     303000
   0.000000      0.000000     -102626.1     -21850.76      0.000000     213000
   0.000000      0.000000     -67486.03     -15272.60      0.000000     123000
   0.000000      0.000000     -9984.279     -2081.713      0.000000     033000
   222223.3      223831.8      0.000000      0.000000     -53097.54     204000
   228292.4      224535.5      0.000000      0.000000     -50811.66     114000
   43144.56      41070.87      0.000000      0.000000     -9690.187     024000
   0.000000      0.000000      19809.75      82098.36      0.000000     105000
   0.000000      0.000000     -5553.967      16658.14      0.000000     015000
   137278.9      134698.3      0.000000      0.000000     -41426.43     006000
   0.000000      0.000000     -3422.588     -4199.899      0.000000     500100
   0.000000      0.000000     -558.9041     -1157.285      0.000000     410100
   0.000000      0.000000      408.4704     -3.397990      0.000000     320100
   0.000000      0.000000      166.3559     -29.31093      0.000000     230100
   0.000000      0.000000      40.78080      18.37081      0.000000     140100
   0.000000      0.000000      4.142547      5.256612      0.000000     050100
  -11792.71     -3566.346      0.000000      0.000000      4684.846     401100
  -6969.265     -3185.139      0.000000      0.000000      2950.963     311100
  -1644.179     -1176.556      0.000000      0.000000      1235.089     221100
  -255.8564     -266.8041      0.000000      0.000000      226.6177     131100
  -23.68529     -20.01123      0.000000      0.000000      6.801369     041100
   0.000000      0.000000     -5974.470     -3308.379      0.000000     302100
   0.000000      0.000000     -2022.004     -2365.593      0.000000     212100
   0.000000      0.000000      428.9419     -99.75585      0.000000     122100
   0.000000      0.000000      35.11744      29.94128      0.000000     032100
  -7549.606     -12171.44      0.000000      0.000000      11943.68     203100
  -8743.090     -11342.89      0.000000      0.000000      8608.992     113100
  -868.3428     -1185.676      0.000000      0.000000      1303.207     023100
   0.000000      0.000000      13653.90     -718.1547      0.000000     104100
   0.000000      0.000000      5709.275      557.2353      0.000000     014100
  -21487.16     -16320.59      0.000000      0.000000      12014.35     005100
   4385.391      3298.564      0.000000      0.000000     -3692.033     500001
   737.6526     -395.6694      0.000000      0.000000     -2318.572     410001
   1911.127      561.7610      0.000000      0.000000      13.95637     320001
   1564.215      790.0264      0.000000      0.000000      310.2662     230001
   382.0926      273.2490      0.000000      0.000000      224.9659     140001
   30.78960      39.35947      0.000000      0.000000      41.58874     050001
   0.000000      0.000000      3173.059      2063.983      0.000000     401001
   0.000000      0.000000      7109.946      3539.773      0.000000     311001
   0.000000      0.000000      13232.85      7957.266      0.000000     221001
   0.000000      0.000000      7699.596      4682.342      0.000000     131001
   0.000000      0.000000      1221.092      751.6460      0.000000     041001
  -4441.062     -1497.789      0.000000      0.000000     -1930.880     302001
  -35760.84     -26330.07      0.000000      0.000000     -355.4183     212001
  -26232.86     -21379.35      0.000000      0.000000      1525.689     122001
  -4502.157     -3917.899      0.000000      0.000000      384.4674     032001
   0.000000      0.000000     -31810.01     -14568.26      0.000000     203001
   0.000000      0.000000     -22037.95     -15592.89      0.000000     113001
   0.000000      0.000000     -3308.537     -3343.387      0.000000     023001
  -59227.23     -72546.43      0.000000      0.000000      3543.996     104001
  -24505.02     -27708.33      0.000000      0.000000      2702.865     014001
   0.000000      0.000000     -15700.64     -26841.40      0.000000     005001
   419.6576      64.22359      0.000000      0.000000     -147.7415     400200
   802.0533      421.4562      0.000000      0.000000     -228.4510     310200
   81.02512      6.165200      0.000000      0.000000     -75.96025     220200
  -39.71731     -50.94562      0.000000      0.000000     -13.58281     130200
  -6.916818     -11.93202      0.000000      0.000000     -3.662815     040200
   0.000000      0.000000      312.3110      199.1452      0.000000     301200
   0.000000      0.000000      242.5732      84.06567      0.000000     211200
   0.000000      0.000000     -241.0846     -265.5491      0.000000     121200
   0.000000      0.000000     -104.3203     -92.63399      0.000000     031200
   655.7854      563.1930      0.000000      0.000000     -768.5380     202200
   665.6148      859.8996      0.000000      0.000000     -577.1852     112200
   124.8575      232.0709      0.000000      0.000000     -100.3670     022200
   0.000000      0.000000     -1100.834      158.5383      0.000000     103200
   0.000000      0.000000     -550.2563      81.17569      0.000000     013200
   2611.624      1163.984      0.000000      0.000000     -1075.790     004200
   0.000000      0.000000      469.2691      70.03576      0.000000     400101
   0.000000      0.000000      543.9762      186.3334      0.000000     310101
   0.000000      0.000000      720.4854      626.4504      0.000000     220101
   0.000000      0.000000      352.2475      309.9914      0.000000     130101
   0.000000      0.000000      48.46793      38.05328      0.000000     040101
   115.2952     -177.1957      0.000000      0.000000      493.1949     301101
  -1738.226     -2392.255      0.000000      0.000000      969.8805     211101
  -1175.892     -1714.317      0.000000      0.000000      630.3269     121101
  -214.3897     -300.2728      0.000000      0.000000      100.7128     031101
   0.000000      0.000000      5402.631      704.7320      0.000000     202101
   0.000000      0.000000      5602.350      507.9512      0.000000     112101
   0.000000      0.000000      904.0804     -155.4691      0.000000     022101
  -17000.69     -9620.957      0.000000      0.000000     -2872.282     103101
  -5036.467     -3031.233      0.000000      0.000000     -605.2923     013101
   0.000000      0.000000     -3067.138     -3097.669      0.000000     004101
  -210.2515      282.6447      0.000000      0.000000     -353.5400     400002
  -715.2978     -26.94485      0.000000      0.000000     -545.6981     310002
  -259.9151      59.78569      0.000000      0.000000     -206.1614     220002
   24.66815      80.89071      0.000000      0.000000     -102.0597     130002
   4.670165      8.147565      0.000000      0.000000     -25.65838     040002
   0.000000      0.000000     -670.7553      76.78033      0.000000     301002
   0.000000      0.000000     -2457.052     -487.6515      0.000000     211002
   0.000000      0.000000     -1935.587     -451.2759      0.000000     121002
   0.000000      0.000000     -422.4317     -123.2811      0.000000     031002
   11139.43      4271.574      0.000000      0.000000      4855.690     202002
   10823.09      5957.332      0.000000      0.000000      3445.512     112002
   2263.976      1451.084      0.000000      0.000000      525.3390     022002
   0.000000      0.000000      11737.72      8907.561      0.000000     103002
   0.000000      0.000000      3636.798      2710.897      0.000000     013002
   8864.487      8597.133      0.000000      0.000000     -1251.008     004002
   0.000000      0.000000      14.70655     -7.321753      0.000000     300300
   0.000000      0.000000     -155.0908     -159.3899      0.000000     210300
   0.000000      0.000000     -112.0604     -97.55518      0.000000     120300
   0.000000      0.000000     -17.64084     -13.85067      0.000000     030300
   422.8751      470.8536      0.000000      0.000000     -49.60570     201300
   393.5911      473.5030      0.000000      0.000000     -75.25967     111300
   73.38631      89.76177      0.000000      0.000000     -21.07752     021300
   0.000000      0.000000    -0.1615265      306.2325      0.000000     102300
   0.000000      0.000000     -71.83115      46.75784      0.000000     012300
   644.0394      823.9215      0.000000      0.000000     -71.08650     003300
  -82.61845     -16.57076      0.000000      0.000000      24.68373     300201
   110.2701      96.73041      0.000000      0.000000     -25.04969     210201
   43.80191      35.48620      0.000000      0.000000     -6.379863     120201
   3.698968      5.029915      0.000000      0.000000      3.623231     030201
   0.000000      0.000000     -151.9600      3.271643      0.000000     201201
   0.000000      0.000000      24.42842      94.26821      0.000000     111201
   0.000000      0.000000      59.08010      37.56624      0.000000     021201
   808.7545      428.6496      0.000000      0.000000      6.249950     102201
   152.0496      17.01070      0.000000      0.000000     -43.89413     012201
   0.000000      0.000000     -364.7234     -100.7576      0.000000     003201
   0.000000      0.000000     -57.02694     -14.48088      0.000000     300102
   0.000000      0.000000     -338.7200     -237.8325      0.000000     210102
   0.000000      0.000000     -245.0842     -153.1435      0.000000     120102
   0.000000      0.000000     -43.68100     -25.57540      0.000000     030102
   1390.650      1059.067      0.000000      0.000000      25.44426     201102
   1231.277      1179.173      0.000000      0.000000     -156.9655     111102
   228.4936      258.0373      0.000000      0.000000     -61.73671     021102
   0.000000      0.000000      1491.599      1497.750      0.000000     102102
   0.000000      0.000000      173.6553      347.5668      0.000000     012102
   2912.298      2156.025      0.000000      0.000000      442.5770     003102
  -46.50930      7.303785      0.000000      0.000000     -8.199731     300003
  -163.2797     -66.25597      0.000000      0.000000     -46.16437     210003
  -65.80642     -56.81993      0.000000      0.000000      21.37645     120003
  -11.69048     -10.49923      0.000000      0.000000      8.768190     030003
   0.000000      0.000000     -24.02885     -217.4435      0.000000     201003
   0.000000      0.000000      42.31249     -266.4807      0.000000     111003
   0.000000      0.000000      21.66307     -59.03703      0.000000     021003
  -2560.933     -537.1187      0.000000      0.000000     -1279.187     102003
  -895.2129     -337.5934      0.000000      0.000000     -397.7413     012003
   0.000000      0.000000     -1224.540     -1082.410      0.000000     003003
  -9.594529     -4.843606      0.000000      0.000000      4.344738     200400
  -3.292092     -4.385060      0.000000      0.000000     0.6239372     110400
 -0.7551877     -1.425176      0.000000      0.000000    -0.6250049     020400
   0.000000      0.000000     -6.229831    -0.5459938      0.000000     101400
   0.000000      0.000000     -1.953238    -0.6129028      0.000000     011400
  -66.74070     -67.58313      0.000000      0.000000      26.71032     002400
   0.000000      0.000000      71.11289      49.34855      0.000000     200301
   0.000000      0.000000      79.24278      49.76696      0.000000     110301
   0.000000      0.000000      19.10254      10.34867      0.000000     020301
  -253.1888     -251.4792      0.000000      0.000000     -8.122565     101301
  -99.49703     -102.4209      0.000000      0.000000      12.26820     011301
   0.000000      0.000000     -86.19301     -198.1396      0.000000     002301
   2.206671      17.08946      0.000000      0.000000    -0.3997375E-01 200202
   19.94091      26.09572      0.000000      0.000000     -6.303278     110202
   3.489913      5.017538      0.000000      0.000000     -4.698361     020202
   0.000000      0.000000     -65.40720      24.48226      0.000000     101202
   0.000000      0.000000     -28.38254      10.34961      0.000000     011202
  -76.58509     -33.52396      0.000000      0.000000      22.14119     002202
   0.000000      0.000000      37.78217      17.82402      0.000000     200103
   0.000000      0.000000      54.37216      17.19150      0.000000     110103
   0.000000      0.000000      13.89438      1.744985      0.000000     020103
  -268.2759     -236.5385      0.000000      0.000000     -31.97454     101103
  -123.5096     -110.1345      0.000000      0.000000     -4.893388     011103
   0.000000      0.000000     -379.5013     -350.0977      0.000000     002103
   30.66786      5.411630      0.000000      0.000000      18.81265     200004
   27.85903      7.544565      0.000000      0.000000      9.697222     110004
 -0.5933065     0.6247526      0.000000      0.000000     -2.991856     020004
   0.000000      0.000000      141.9031      90.47721      0.000000     101004
   0.000000      0.000000      31.85123      33.49452      0.000000     011004
   193.2436      35.05675      0.000000      0.000000      75.24298     002004
   0.000000      0.000000     -3.052640     -1.771812      0.000000     100500
   0.000000      0.000000     -1.575211    -0.9926182      0.000000     010500
   4.898214      6.212605      0.000000      0.000000     -3.740793     001500
  -1.761749     -5.600331      0.000000      0.000000      4.266725     100401
 -0.4274670     -1.067661      0.000000      0.000000      1.409769     010401
   0.000000      0.000000    -0.3185701     -9.293118      0.000000     001401
   0.000000      0.000000     -4.680155      5.823664      0.000000     100302
   0.000000      0.000000     -5.247474    -0.4006511      0.000000     010302
   27.35397      27.86772      0.000000      0.000000     -3.989324     001302
  -2.229544     -9.451262      0.000000      0.000000      5.645742     100203
 -0.4774575     -2.790928      0.000000      0.000000      2.795048     010203
   0.000000      0.000000     -7.599121     -19.56470      0.000000     001203
   0.000000      0.000000      5.594141      11.41881      0.000000     100104
   0.000000      0.000000    -0.2625423      2.669167      0.000000     010104
   18.97943      18.47635      0.000000      0.000000     -1.206128     001104
   16.11061      3.406994      0.000000      0.000000      9.011770     100005
   2.673398     0.8886928      0.000000      0.000000      1.501614     010005
   0.000000      0.000000     -17.09285     -8.320955      0.000000     001005
 -0.2032550    -0.1410880      0.000000      0.000000    -0.8804112E-01 000600
   0.000000      0.000000      1.415895     0.2982633      0.000000     000501
 -0.9447220     0.2501800      0.000000      0.000000     -1.231762     000402
   0.000000      0.000000     0.7547293E-01 -2.200086      0.000000     000303
 -0.8931413     0.4373234      0.000000      0.000000     -1.047158     000204
   0.000000      0.000000     -1.299353     -1.846550      0.000000     000105
  -1.875302    -0.3931580      0.000000      0.000000     -1.193919     000006